  0        0 4.3
  1   100000 2.3
  2   200000 5.3
  3   300000 7.3
  4   400000 6.7
  5   500000 13.0
  6   600000 10.7
  7   700000 11.3
  8   800000 19.7
  9   900000 22.3
 10  1000000 24.0
 11  1100000 30.0
 12  1200000 33.3
 13  1300000 49.3
 14  1400000 28.7
 15  1500000 36.3
 16  1600000 38.3
 17  1700000 33.3
 18  1800000 47.7
 19  1900000 59.0
 20  2000000 38.3
 21  2100000 41.0
 22  2200000 89.7
 23  2300000 53.0
 24  2400000 24.0
 25  2500000 90.0
 26  2600000 69.7
 27  2700000 80.3
 28  2800000 60.7
 29  2900000 59.7
 30  3000000 55.7
 31  3100000 60.7
 32  3200000 95.7
 33  3300000 86.3
 34  3400000 173.3
 35  3500000 158.7
 36  3600000 154.3
 37  3700000 82.3
 38  3800000 83.7
 39  3900000 124.0
 40  4000000 137.0
 41  4100000 66.3
 42  4200000 148.3
 43  4300000 93.7
 44  4400000 45.7
 45  4500000 121.7
 46  4600000 138.0
 47  4700000 67.7
 48  4800000 127.7
 49  4900000 140.0
 50  5000000 36.7
 51  5100000 85.0
 52  5200000 105.0
 53  5300000 39.3
 54  5400000 75.0
 55  5500000 30.7
 56  5600000 161.3
 57  5700000 167.3
 58  5800000 168.0
 59  5900000 70.7
 60  6000000 58.3
 61  6100000 106.3
 62  6200000 105.0
 63  6300000 30.0
 64  6400000 196.0
 65  6500000 44.7
 66  6600000 159.7
 67  6700000 144.7
 68  6800000 153.7
 69  6900000 114.0
 70  7000000 34.0
 71  7100000 171.7
 72  7200000 89.3
 73  7300000 124.0
 74  7400000 56.7
 75  7500000 61.3
 76  7600000 33.7
 77  7700000 135.3
 78  7800000 26.3
 79  7900000 157.0
 80  8000000 81.0
 81  8100000 190.0
 82  8200000 63.0
 83  8300000 41.0
 84  8400000 71.7
 85  8500000 54.3
 86  8600000 174.3
 87  8700000 129.3
 88  8800000 19.0
 89  8900000 110.3
 90  9000000 93.0
 91  9100000 64.3
 92  9200000 64.0
 93  9300000 81.0
 94  9400000 107.7
 95  9500000 131.3
 96  9600000 40.0
 97  9700000 75.0
 98  9800000 37.3
 99  9900000 139.0
100 10000000 145.0
101 10100000 157.3
102 10200000 119.3
103 10300000 67.0
104 10400000 47.3
105 10500000 210.0
106 10600000 50.3
107 10700000 154.0
108 10800000 24.3
109 10900000 255.0
110 11000000 94.3
111 11100000 28.7
112 11200000 23.7
113 11300000 146.0
114 11400000 150.3
115 11500000 63.3
116 11600000 54.3
117 11700000 120.3
118 11800000 35.7
119 11900000 166.0
120 12000000 118.0
121 12100000 188.3
122 12200000 57.0
123 12300000 94.7
124 12400000 86.7
125 12500000 214.7
126 12600000 51.3
127 12700000 148.3
128 12800000 148.3
129 12900000 37.3
130 13000000 127.0
131 13100000 13.7
132 13200000 49.7
133 13300000 214.3
134 13400000 171.0
135 13500000 114.7
136 13600000 129.0
137 13700000 224.7
138 13800000 98.0
139 13900000 153.0
140 14000000 15.3
141 14100000 37.3
142 14200000 16.3
143 14300000 90.7
144 14400000 31.0
145 14500000 31.7
146 14600000 9.0
147 14700000 154.7
148 14800000 158.7
149 14900000 253.7
150 15000000 60.3
151 15100000 11.0
152 15200000 252.3
153 15300000 17.7
154 15400000 158.3
155 15500000 202.7
156 15600000 114.0
157 15700000 49.7
158 15800000 17.7
159 15900000 168.3
160 16000000 17.7
161 16100000 248.3
162 16200000 20.3
163 16300000 63.3
164 16400000 103.7
165 16500000 146.7
166 16600000 184.7
167 16700000 135.3
168 16800000 157.7
169 16900000 71.3
170 17000000 70.7
171 17100000 161.3
172 17200000 272.0
173 17300000 174.7
174 17400000 241.7
175 17500000 180.0
176 17600000 258.3
177 17700000 264.3
178 17800000 14.7
179 17900000 72.3
180 18000000 149.0
181 18100000 269.7
182 18200000 116.7
183 18300000 112.3
184 18400000 236.7
185 18500000 22.0
186 18600000 105.0
187 18700000 11.7
188 18800000 130.7
189 18900000 37.0
190 19000000 12.0
191 19100000 94.7
192 19200000 258.3
193 19300000 187.3
194 19400000 249.3
195 19500000 113.3
196 19600000 132.0
197 19700000 133.7
198 19800000 67.3
199 19900000 93.7
200 20000000 211.0
201 20100000 146.0
202 20200000 211.3
203 20300000 106.0
204 20400000 138.3
205 20500000 145.0
206 20600000 243.7
207 20700000 147.3
208 20800000 104.7
209 20900000 152.3
210 21000000 172.3
211 21100000 292.3
212 21200000 127.7
213 21300000 248.7
214 21400000 358.0
215 21500000 205.0
